2.2 -159.01 83.2217 100.443 100.309 0.639877 7146.53
2.21 -158.048 82.6651 101.976 104.872 0.638296 7065.28
2.22 -157.089 82.1107 103.017 109.1 0.636744 6984.36
2.23 -156.039 81.51 104.277 113.812 0.635047 6897.68
2.24 -155.081 80.9306 105.403 118.553 0.633296 6815.32
2.25 -154.024 80.289 106.661 123.903 0.631321 6725.11
2.26 -152.971 79.6519 107.488 128.388 0.629378 6634.58
2.27 -152.028 79.0775 108.625 132.994 0.627517 6555.14
2.28 -150.912 78.3549 109.678 139.008 0.625077 6456.42
2.29 -149.853 77.6964 110.443 143.642 0.622928 6365.66
2.3 -148.841 77.0707 110.933 147.806 0.620894 6279.84
2.31 -147.718 76.3363 111.851 153.545 0.618259 6181.92
2.32 -146.684 75.6734 111.859 157.73 0.615974 6092.4
2.33 -145.599 74.9652 112.372 162.356 0.613406 5998.08
2.34 -144.537 74.2732 112.772 166.531 0.610869 5906.19
2.35 -143.527 73.5932 112.858 170.676 0.608314 5817.05
2.36 -142.427 72.8677 113.148 175.012 0.605501 5722.73
2.37 -141.352 72.1138 113.151 179.738 0.602486 5626.38
2.38 -140.277 71.3956 113.502 183.447 0.599527 5533.94
2.39 -139.207 70.6546 113.112 187.302 0.596536 5439.72
2.4 -138.158 69.9489 112.735 190.344 0.593636 5349.68
