2.2 -308.255 160.039 218.593 302.758 0.643815 26278.6
2.21 -306.15 158.621 222.514 325.187 0.64191 25879.2
2.22 -303.963 157.156 225.593 343.857 0.64003 25461.4
2.23 -301.785 155.669 229.039 366.809 0.63796 25050.8
2.24 -299.508 154.103 232.446 386.699 0.63576 24613.9
2.25 -297.191 152.441 235.792 412.35 0.633241 24165.9
2.26 -294.904 150.774 239.031 436.786 0.630612 23720
2.27 -292.624 149.122 241.393 456.946 0.628159 23274.6
2.28 -290.287 147.39 243.389 479.406 0.625316 22816.9
2.29 -287.901 145.613 245.232 501.255 0.622404 22350.9
2.3 -285.599 143.804 247.077 526.197 0.619162 21889.8
2.31 -283.248 141.988 248.52 547.573 0.615972 21425.6
2.32 -280.837 140.115 248.688 568.226 0.612606 20950.6
2.33 -278.469 138.195 249.549 590.206 0.608945 20472.9
2.34 -276.059 136.203 250.181 612.324 0.604937 19984.2
2.35 -273.718 134.319 249.755 629.934 0.601232 19522.1
2.36 -271.306 132.333 249.564 648.368 0.597124 19042.3
2.37 -268.889 130.289 249.539 668.309 0.592618 18559
2.38 -266.441 128.24 247.517 683.776 0.58823 18073
2.39 -264.094 126.22 246.253 700.455 0.58349 17605.5
2.4 -261.835 124.36 245.057 711.307 0.579182 17172.5
