2.2 -624.509 321.576 485.838 925.781 0.648522 105448
2.21 -619.714 318.018 496.686 1013.33 0.646562 103375
2.22 -614.65 314.066 510.006 1118.94 0.644173 101121
2.23 -609.66 310.108 519.783 1220.03 0.641728 98887.4
2.24 -604.541 305.88 529.33 1328.76 0.638974 96538.9
2.25 -599.378 301.645 536.769 1432.78 0.636175 94213.2
2.26 -594.197 297.097 546.166 1554.43 0.63278 91779.8
2.27 -588.738 292.291 554.007 1674.25 0.629192 89234.6
2.28 -583.311 287.345 560.573 1791.58 0.625296 86652.1
2.29 -577.856 282.339 564.188 1909.42 0.621235 84087.8
2.3 -572.358 277.094 569.261 2029.84 0.616695 81449.4
2.31 -566.723 271.662 570.835 2142.29 0.611792 78749
2.32 -561.265 266.24 571.175 2257.1 0.606648 76120
2.33 -555.916 260.906 571.128 2352.14 0.601378 73552.4
2.34 -550.346 255.172 570.817 2460.48 0.595356 70870.3
2.35 -544.727 249.336 566.808 2552 0.589088 68165.6
2.36 -539.374 243.609 563.511 2642.23 0.582428 65580.8
2.37 -533.868 237.756 558.434 2718.96 0.575532 62971.8
2.38 -528.619 232.167 552.261 2778.94 0.568577 60515.4
2.39 -523.194 226.12 546.835 2845.15 0.560399 57930.3
2.4 -518.111 220.614 539.069 2885.06 0.552838 55594.6
