2.2 -1218.73 623.77 1012.71 2463.54 0.653078 394509
2.21 -1208.54 615.387 1041.25 2794.98 0.651076 384878
2.22 -1198.07 606.308 1075.03 3192.19 0.648637 374696
2.23 -1187.25 596.571 1105.76 3610.6 0.645889 363948
2.24 -1176.24 586.065 1130.72 4092.59 0.642657 352639
2.25 -1165.31 575.406 1157.31 4558.98 0.639183 341350
2.26 -1153.66 563.537 1177 5093.05 0.635077 329085
2.27 -1142.05 551.138 1198.88 5656.93 0.630327 316595
2.28 -1130.3 538.298 1213.57 6224.88 0.625179 303958
2.29 -1118.36 524.632 1223.17 6773.9 0.619346 290751
2.3 -1106.43 510.566 1233.05 7369.43 0.612739 277627
2.31 -1094.23 495.828 1232.16 7902.58 0.605606 264100
2.32 -1082.44 481.254 1228.06 8384.55 0.598035 251058
2.33 -1070.48 465.959 1224.21 8875.74 0.58926 237798
2.34 -1058.7 450.734 1217.03 9288.96 0.580131 224898
2.35 -1046.83 434.987 1201.98 9673.86 0.569785 211947
2.36 -1035.2 419.182 1185.13 9974.06 0.558645 199253
2.37 -1023.75 403.15 1169.37 10263.3 0.546215 186854
2.38 -1012.39 387.688 1145.89 10437 0.533785 175142
2.39 -1001.32 372.11 1126.94 10573.1 0.519673 163736
2.4 -990.304 356.47 1097.69 10574.6 0.504851 152450
