2.2 -102.986 54.1369 60.238 46.9434 0.637686 3034.07
2.21 -102.423 53.8423 60.6562 48.4223 0.636388 3006.01
2.22 -101.84 53.5359 61.3104 50.1542 0.634966 2977.44
2.23 -101.261 53.2326 61.8806 51.805 0.633546 2949.24
2.24 -100.629 52.8981 62.5006 53.6924 0.631941 2918.48
2.25 -100.07 52.5966 62.9333 55.1924 0.630479 2890.59
2.26 -99.4107 52.2325 63.5791 57.3484 0.628624 2857.84
2.27 -98.8372 51.9205 64.0226 58.865 0.627059 2829.36
2.28 -98.2171 51.5871 64.3264 60.3786 0.62541 2798.9
2.29 -97.5898 51.2367 64.753 62.3201 0.623568 2767.91
2.3 -96.9742 50.8861 65.0757 64.0979 0.621686 2736.83
2.31 -96.3479 50.5315 65.5878 65.8315 0.619718 2705.5
2.32 -95.705 50.1755 65.6834 67.3568 0.617849 2673.85
2.33 -95.0978 49.8191 65.9913 69.179 0.615766 2643.13
2.34 -94.4502 49.4454 66.1714 70.7035 0.613686 2610.29
2.35 -93.8705 49.1175 66.2672 72.0819 0.611816 2581.92
2.36 -93.19 48.7126 66.4293 73.9587 0.609433 2547.46
2.37 -92.5694 48.3413 66.5948 75.5251 0.607128 2515.87
2.38 -91.9822 48.008 66.545 76.7122 0.605194 2487.34
2.39 -91.2976 47.59 66.6262 78.3666 0.602569 2452.1
2.4 -90.6858 47.2244 66.4905 79.702 0.600324 2421.43
